min
temps=6500:3600
latlon=43.726032:-72.142914
speed=1000
method=Auto
map=177.00,100;3.00,100;-6.00,0;-174.00,0;
